20 6 -35.1717 -1.758583
19 6 -32.1076 -1.689873
18 6 -29.8158 -1.656432
20 5 -31.6630 -1.583148
17 6 -26.4685 -1.556970
19 5 -28.7608 -1.513727
16 6 -24.1358 -1.508486
18 5 -26.1996 -1.455535
15 6 -21.2726 -1.418175
17 5 -24.0380 -1.413998
14 6 -19.1201 -1.365722
16 5 -21.4569 -1.341058
13 6 -17.1286 -1.317588
15 5 -19.4766 -1.298437
14 5 -17.4542 -1.246726
20 4 -24.4095 -1.220473
12 6 -14.5241 -1.210340
19 4 -22.7657 -1.198194
17 4 -19.8690 -1.168767
11 6 -12.7948 -1.163167
18 4 -20.9033 -1.161292
13 5 -14.8809 -1.144684
16 4 -17.7280 -1.108000
12 5 -13.1797 -1.098305
15 4 -16.1647 -1.077648
10 6 -10.4864 -1.048636
14 4 -14.5289 -1.037781
11 5 -11.2808 -1.025529
13 4 -13.1342 -1.010323
12 4 -11.6518 -0.970985
10 5 -9.6345 -0.963446
9 6 -8.4280 -0.936446
11 4 -10.1217 -0.920155
9 5 -8.2364 -0.915152
20 3 -17.7895 -0.889474
19 3 -16.8269 -0.885626
18 3 -15.8926 -0.882924
17 3 -14.8336 -0.872562
15 3 -13.0807 -0.872044
8 6 -6.7882 -0.848523
16 3 -13.2421 -0.827629
9 4 -7.3477 -0.816416
10 4 -8.1471 -0.814707
14 3 -11.2458 -0.803271
8 5 -6.3938 -0.799222
13 3 -10.1353 -0.779640
8 4 -6.2364 -0.779545
12 3 -9.0608 -0.755063
7 6 -5.2500 -0.750000
7 5 -5.0352 -0.719318
11 3 -7.7879 -0.707993
9 3 -6.0283 -0.669816
10 3 -6.6041 -0.660413
7 4 -4.6088 -0.658405
6 6 -3.7500 -0.625000
6 5 -3.7500 -0.625000
6 4 -3.5313 -0.588554
8 3 -4.6946 -0.586819
7 3 -3.9838 -0.569109
17 2 -9.4108 -0.553576
20 2 -11.0337 -0.551684
16 2 -8.6045 -0.537782
18 2 -9.6673 -0.537074
19 2 -10.1787 -0.535719
15 2 -7.7561 -0.517074
13 2 -6.6750 -0.513463
14 2 -7.1840 -0.513145
6 3 -3.0757 -0.512622
12 2 -6.1140 -0.509496
5 6 -2.5000 -0.500000
5 4 -2.5000 -0.500000
5 5 -2.5000 -0.500000
11 2 -5.2989 -0.481718
9 2 -4.2203 -0.468918
5 3 -2.2760 -0.455193
10 2 -4.4588 -0.445884
8 2 -3.3993 -0.424917
7 2 -2.8753 -0.410760
6 2 -2.3396 -0.389928
4 6 -1.5000 -0.375000
4 3 -1.5000 -0.375000
4 5 -1.5000 -0.375000
4 4 -1.5000 -0.375000
5 2 -1.7945 -0.358901
4 2 -1.2684 -0.317089
3 4 -0.7500 -0.250000
3 5 -0.7500 -0.250000
3 6 -0.7500 -0.250000
3 3 -0.7500 -0.250000
3 2 -0.7500 -0.250000
14 1 -3.3530 -0.239502
13 1 -3.0943 -0.238026
10 1 -2.3183 -0.231829
18 1 -4.1192 -0.228846
9 1 -2.0596 -0.228846
16 1 -3.6019 -0.225118
8 1 -1.8009 -0.225116
15 1 -3.3433 -0.222884
7 1 -1.5423 -0.220322
20 1 -4.3681 -0.218405
19 1 -4.1094 -0.216286
12 1 -2.5674 -0.213950
6 1 -1.2836 -0.213930
17 1 -3.5921 -0.211298
11 1 -2.3087 -0.209883
5 1 -1.0249 -0.204983
4 1 -0.7663 -0.191571
3 1 -0.5078 -0.169260
